benchmark/minizinc/easy1.dzn:
 ====UNSATISFIABLE=====
% time elapsed: 0.13 s

benchmark/minizinc/easy2.dzn:
path: [1, 10, 7, 2, 6, 3, 9, 4, 8, 5, 1]
      [1, 8, 4, 2, 10, 7, 9, 5, 6, 3, 1]
time: [0, 13, 45, 72, 87, 29, 2, 73, 65, 2]
      [0, 43, 83, 35, 56, 67, 48, 16, 54, 48]
total 190
% time elapsed: 0.19 s
----------
==========
% time elapsed: 0.19 s

benchmark/minizinc/easy3.dzn:
path: [1, 8, 6, 7, 12, 3, 5, 2, 4, 11, 9, 10, 1]
      [1, 4, 11, 9, 10, 8, 6, 7, 3, 5, 2, 12, 1]
time: [0, 39, 32, 49, 33, 12, 14, 8, 49, 60, 49, 22]
      [0, 56, 49, 19, 50, 35, 37, 31, 19, 30, 19, 60]
total 129
% time elapsed: 3.44 s
----------
==========
% time elapsed: 3.44 s

benchmark/minizinc/mid1.dzn:
path: [1, 3, 7, 13, 8, 5, 6, 4, 2, 10, 9, 14, 12, 11, 1]
      [1, 2, 9, 14, 5, 6, 4, 10, 7, 13, 8, 3, 12, 11, 1]
time: [0, 35, 2, 31, 16, 24, 9, 13, 49, 38, 75, 68, 10, 57]
      [0, 6, 76, 58, 43, 51, 61, 65, 23, 60, 83, 76, 62, 31]
total 166
% time elapsed: 52.62 s
----------
==========
% time elapsed: 52.62 s

benchmark/minizinc/mid2.dzn:
path: [1, 6, 8, 4, 12, 11, 10, 7, 13, 14, 2, 3, 9, 5, 1]
      [1, 4, 12, 11, 9, 7, 13, 14, 2, 5, 3, 10, 6, 8, 1]
time: [0, 56, 65, 17, 69, 6, 44, 15, 69, 39, 22, 18, 51, 56]
      [0, 23, 32, 0, 30, 52, 11, 61, 8, 50, 5, 1, 18, 23]
total 142
% time elapsed: 32.91 s
----------
==========
% time elapsed: 32.91 s

benchmark/minizinc/mid3.dzn:
path: [1, 7, 3, 12, 13, 4, 6, 14, 2, 11, 10, 8, 9, 5, 1]
      [1, 4, 6, 9, 14, 8, 10, 7, 3, 12, 13, 2, 11, 5, 1]
time: [0, 61, 15, 27, 88, 37, 1, 79, 85, 79, 68, 16, 16, 46]
      [0, 71, 64, 3, 79, 13, 50, 37, 19, 41, 78, 65, 65, 25]
total 183
% time elapsed: 64.02 s
----------
==========
% time elapsed: 64.02 s

benchmark/minizinc/mid4.dzn:
path: [1, 14, 3, 2, 9, 8, 13, 7, 6, 4, 10, 11, 5, 12, 1]
      [1, 13, 7, 6, 14, 3, 2, 9, 8, 4, 10, 11, 5, 12, 1]
time: [0, 23, 21, 60, 62, 45, 40, 32, 25, 61, 62, 76, 36, 9]
      [0, 32, 30, 50, 52, 13, 8, 41, 34, 51, 52, 66, 4, 18]
total 142
% time elapsed: 30.54 s
----------
==========
% time elapsed: 30.54 s

benchmark/minizinc/mid5.dzn:
path: [1, 11, 9, 3, 13, 7, 12, 4, 5, 14, 6, 8, 2, 10, 1]
      [1, 10, 3, 8, 2, 13, 5, 14, 6, 7, 12, 4, 11, 9, 1]
time: [0, 33, 4, 15, 19, 20, 10, 24, 4, 44, 4, 13, 10, 20]
      [0, 23, 12, 48, 31, 32, 43, 14, 54, 7, 54, 46, 29, 32]
total 104
% time elapsed: 39.91 s
----------
==========
% time elapsed: 39.91 s

benchmark/minizinc/mid6.dzn:
path: [1, 14, 7, 5, 4, 11, 13, 2, 6, 12, 10, 3, 8, 9, 1]
      [1, 11, 12, 10, 3, 2, 6, 14, 8, 9, 13, 7, 5, 4, 1]
time: [0, 50, 58, 33, 22, 52, 19, 59, 63, 53, 44, 53, 47, 7]
      [0, 13, 7, 56, 45, 15, 42, 25, 29, 2, 0, 2, 38, 20]
total 132
% time elapsed: 32.59 s
----------
==========
% time elapsed: 32.59 s

benchmark/minizinc/mid7.dzn:
path: [1, 14, 12, 9, 13, 7, 11, 10, 5, 2, 6, 4, 8, 3, 1]
      [1, 7, 11, 14, 12, 9, 13, 6, 4, 8, 10, 5, 2, 3, 1]
time: [0, 45, 64, 51, 39, 50, 28, 55, 21, 34, 30, 5, 21, 2]
      [0, 55, 55, 40, 49, 39, 3, 44, 33, 44, 5, 17, 33, 14]
total 127
% time elapsed: 201.42 s
----------
==========
% time elapsed: 201.42 s

benchmark/minizinc/mid8.dzn:
path: [1, 6, 13, 8, 14, 4, 11, 9, 12, 7, 2, 3, 10, 5, 1]
      [1, 3, 8, 14, 12, 2, 13, 7, 9, 6, 4, 11, 10, 5, 1]
time: [0, 45, 48, 20, 69, 8, 44, 20, 34, 59, 29, 44, 14, 20]
      [0, 22, 9, 32, 62, 28, 26, 9, 27, 52, 41, 14, 23, 9]
total 133
% time elapsed: 106.21 s
----------
==========
% time elapsed: 106.21 s

benchmark/minizinc/mid9.dzn:
path: [1, 8, 7, 10, 9, 11, 14, 13, 6, 12, 3, 2, 4, 5, 1]
      [1, 3, 2, 13, 14, 5, 4, 6, 12, 8, 7, 10, 9, 11, 1]
time: [0, 49, 49, 66, 73, 41, 6, 3, 16, 14, 24, 44, 27, 26]
      [0, 6, 6, 37, 30, 53, 59, 56, 69, 67, 77, 56, 14, 18]
total 166
% time elapsed: 168.23 s
----------
==========
% time elapsed: 168.23 s

benchmark/minizinc/mid10.dzn:
path: [1, 6, 12, 5, 11, 10, 4, 7, 14, 3, 8, 13, 2, 9, 1]
      [1, 4, 7, 14, 9, 12, 5, 6, 10, 3, 8, 13, 2, 11, 1]
time: [0, 66, 56, 45, 17, 10, 48, 56, 73, 26, 21, 17, 59, 56]
      [0, 56, 46, 13, 28, 29, 16, 46, 28, 37, 66, 28, 49, 24]
total 153
% time elapsed: 19.76 s
----------
==========
% time elapsed: 19.76 s

benchmark/minizinc/mid11.dzn:
path: [1, 13, 9, 11, 4, 8, 12, 6, 7, 3, 10, 5, 2, 14, 1]
      [1, 10, 5, 2, 14, 13, 9, 11, 4, 8, 6, 7, 3, 12, 1]
time: [0, 67, 52, 18, 67, 28, 32, 20, 14, 67, 15, 22, 14, 79]
      [0, 15, 65, 34, 15, 41, 45, 36, 30, 15, 31, 76, 30, 27]
total 162
% time elapsed: 4.07 s
----------
==========
% time elapsed: 4.07 s

benchmark/minizinc/mid12.dzn:
path: [1, 13, 7, 14, 8, 10, 6, 4, 3, 5, 2, 12, 9, 11, 1]
      [1, 11, 10, 3, 9, 2, 12, 6, 13, 4, 8, 5, 7, 14, 1]
time: [0, 60, 43, 35, 56, 22, 12, 17, 75, 19, 81, 60, 10, 16]
      [0, 19, 10, 52, 66, 35, 69, 58, 16, 7, 5, 19, 51, 73]
total 173
% time elapsed: 300.01 s
----------

benchmark/minizinc/mid13.dzn:
path: [1, 8, 5, 6, 7, 14, 9, 10, 11, 2, 12, 13, 4, 3, 1]
      [1, 4, 3, 8, 5, 6, 7, 14, 9, 10, 11, 2, 12, 13, 1]
time: [0, 44, 63, 56, 7, 9, 22, 3, 28, 32, 41, 52, 54, 22]
      [0, 58, 11, 4, 21, 23, 36, 17, 42, 46, 55, 66, 68, 36]
total 160
% time elapsed: 64.33 s
----------
==========
% time elapsed: 64.33 s

benchmark/minizinc/mid14.dzn:
path: [1, 5, 11, 12, 10, 3, 14, 13, 2, 8, 4, 6, 7, 9, 1]
      [1, 3, 14, 13, 2, 8, 4, 6, 7, 9, 5, 11, 12, 10, 1]
time: [0, 33, 20, 43, 2, 47, 49, 42, 57, 19, 6, 7, 27, 26]
      [0, 21, 8, 31, 46, 35, 37, 30, 45, 63, 50, 51, 15, 14]
total 124
% time elapsed: 46.25 s
----------
==========
% time elapsed: 46.25 s

benchmark/minizinc/mid15.dzn:
path: [1, 12, 9, 7, 10, 14, 2, 8, 6, 3, 4, 5, 13, 11, 1]
      [1, 5, 13, 11, 12, 9, 7, 10, 14, 2, 8, 6, 3, 4, 1]
time: [0, 29, 44, 44, 58, 30, 14, 30, 14, 27, 76, 8, 62, 29]
      [0, 65, 80, 80, 9, 66, 50, 66, 50, 63, 27, 44, 13, 65]
total 164
% time elapsed: 97.15 s
----------
==========
% time elapsed: 97.15 s

benchmark/minizinc/mid16.dzn:
path: [1, 12, 2, 4, 9, 7, 14, 5, 13, 11, 10, 3, 6, 8, 1]
      [1, 3, 13, 11, 6, 8, 5, 10, 12, 2, 4, 9, 7, 14, 1]
time: [0, 10, 56, 10, 29, 59, 16, 68, 14, 41, 36, 9, 32, 25]
      [0, 52, 20, 52, 45, 29, 58, 38, 56, 51, 29, 51, 25, 67]
total 141
% time elapsed: 20.57 s
----------
==========
% time elapsed: 20.57 s

benchmark/minizinc/mid17.dzn:
path: [1, 14, 8, 7, 13, 4, 3, 10, 6, 11, 5, 9, 12, 2, 1]
      [1, 11, 5, 9, 3, 10, 6, 8, 7, 14, 4, 13, 12, 2, 1]
time: [0, 66, 55, 43, 66, 59, 20, 19, 66, 57, 66, 66, 36, 13]
      [0, 53, 17, 33, 15, 21, 28, 27, 15, 19, 15, 53, 53, 30]
total 119
% time elapsed: 37.09 s
----------
==========
% time elapsed: 37.09 s

benchmark/minizinc/mid18.dzn:
path: [1, 13, 5, 3, 14, 4, 9, 6, 2, 10, 8, 11, 7, 12, 1]
      [1, 8, 10, 13, 11, 7, 12, 14, 3, 4, 9, 5, 6, 2, 1]
time: [0, 35, 9, 23, 9, 35, 55, 51, 34, 50, 53, 64, 0, 17]
      [0, 70, 37, 54, 67, 70, 22, 1, 65, 7, 20, 31, 10, 34]
total 150
% time elapsed: 35.59 s
----------
==========
% time elapsed: 35.59 s

benchmark/minizinc/mid19.dzn:
path: [1, 14, 10, 5, 12, 11, 3, 7, 4, 2, 8, 9, 13, 6, 1]
      [1, 9, 13, 2, 4, 14, 10, 5, 8, 6, 12, 11, 3, 7, 1]
time: [0, 54, 36, 52, 14, 65, 46, 56, 56, 10, 31, 28, 60, 6]
      [0, 13, 53, 14, 25, 31, 63, 25, 8, 21, 48, 45, 12, 17]
total 153
% time elapsed: 16.79 s
----------
==========
% time elapsed: 16.79 s

benchmark/minizinc/mid20.dzn:
path: [1, 14, 11, 8, 2, 9, 4, 6, 5, 13, 10, 12, 3, 7, 1]
      [1, 6, 5, 13, 10, 12, 3, 14, 11, 8, 2, 9, 4, 7, 1]
time: [0, 15, 49, 25, 31, 25, 55, 6, 19, 36, 3, 37, 32, 1]
      [0, 51, 32, 61, 14, 8, 62, 42, 55, 19, 39, 20, 15, 37]
total 119
% time elapsed: 27.46 s
----------
==========
% time elapsed: 27.46 s

benchmark/minizinc/mid21.dzn:
path: [1, 5, 11, 10, 9, 2, 12, 3, 6, 13, 8, 4, 14, 7, 1]
      [1, 2, 12, 3, 6, 13, 8, 4, 10, 5, 11, 9, 14, 7, 1]
time: [0, 19, 43, 67, 2, 44, 75, 47, 16, 7, 4, 37, 47, 72]
      [0, 2, 26, 50, 59, 27, 82, 30, 70, 54, 61, 20, 30, 79]
total 157
% time elapsed: 176.58 s
----------
==========
% time elapsed: 176.58 s

benchmark/minizinc/mid22.dzn:
path: [1, 13, 8, 5, 4, 9, 11, 7, 2, 6, 10, 12, 3, 14, 1]
      [1, 12, 3, 10, 6, 9, 4, 13, 8, 5, 11, 7, 2, 14, 1]
time: [0, 33, 71, 8, 1, 47, 29, 1, 12, 62, 24, 63, 0, 78]
      [0, 63, 8, 50, 53, 38, 59, 53, 44, 27, 54, 0, 52, 71]
total 149
% time elapsed: 43.63 s
----------
==========
% time elapsed: 43.63 s

benchmark/minizinc/mid23.dzn:
path: [1, 14, 10, 9, 2, 5, 6, 11, 12, 8, 3, 13, 7, 4, 1]
      [1, 7, 6, 14, 10, 9, 2, 5, 11, 12, 8, 3, 13, 4, 1]
time: [0, 21, 43, 62, 31, 34, 46, 43, 21, 19, 39, 43, 46, 11]
      [0, 36, 51, 54, 46, 18, 3, 51, 36, 34, 47, 51, 54, 26]
total 118
% time elapsed: 66.04 s
----------
==========
% time elapsed: 66.04 s

benchmark/minizinc/mid24.dzn:
path: [1, 14, 8, 11, 12, 7, 6, 5, 9, 2, 3, 13, 4, 10, 1]
      [1, 13, 9, 2, 3, 5, 8, 11, 12, 7, 6, 14, 4, 10, 1]
time: [0, 53, 62, 82, 38, 35, 26, 9, 48, 82, 10, 22, 78, 8]
      [0, 16, 25, 69, 30, 60, 51, 34, 11, 69, 35, 47, 1, 65]
total 169
% time elapsed: 41.62 s
----------
==========
% time elapsed: 41.62 s

benchmark/minizinc/mid25.dzn:
path: [1, 12, 11, 2, 14, 3, 8, 6, 13, 4, 5, 9, 10, 7, 1]
      [1, 3, 8, 6, 13, 4, 5, 9, 12, 11, 2, 14, 10, 7, 1]
time: [0, 4, 7, 18, 35, 8, 48, 7, 46, 46, 4, 3, 16, 6]
      [0, 52, 0, 11, 28, 1, 61, 0, 39, 59, 52, 51, 9, 54]
total 113
% time elapsed: 5.95 s
----------
==========
% time elapsed: 5.95 s

benchmark/minizinc/mid26.dzn:
path: [1, 4, 8, 6, 11, 9, 7, 14, 12, 13, 10, 2, 3, 5, 1]
      [1, 3, 5, 2, 4, 8, 6, 11, 9, 7, 14, 12, 13, 10, 1]
time: [0, 50, 54, 4, 56, 9, 27, 8, 23, 48, 19, 35, 43, 30]
      [0, 11, 5, 12, 7, 17, 35, 16, 31, 56, 27, 43, 51, 38]
total 117
% time elapsed: 41.51 s
----------
==========
% time elapsed: 41.51 s

benchmark/minizinc/mid27.dzn:
path: [1, 10, 9, 2, 14, 4, 12, 6, 8, 11, 3, 13, 7, 5, 1]
      [1, 4, 12, 9, 2, 14, 10, 8, 11, 3, 13, 6, 7, 5, 1]
time: [0, 23, 55, 28, 66, 33, 64, 38, 17, 7, 44, 32, 61, 25]
      [0, 14, 35, 2, 54, 41, 52, 18, 8, 17, 24, 6, 41, 16]
total 134
% time elapsed: 50.95 s
----------
==========
% time elapsed: 50.95 s

benchmark/minizinc/mid28.dzn:
path: [1, 14, 4, 9, 2, 6, 10, 7, 11, 12, 3, 13, 8, 5, 1]
      [1, 8, 5, 14, 4, 9, 2, 6, 10, 7, 11, 12, 3, 13, 1]
time: [0, 26, 52, 21, 59, 29, 35, 57, 24, 32, 44, 47, 54, 20]
      [0, 14, 40, 9, 8, 17, 23, 6, 12, 20, 32, 35, 42, 8]
total 113
% time elapsed: 19.12 s
----------
==========
% time elapsed: 19.12 s

benchmark/minizinc/mid29.dzn:
path: [1, 11, 5, 6, 8, 3, 14, 4, 2, 12, 10, 13, 7, 9, 1]
      [1, 8, 3, 14, 4, 2, 12, 13, 10, 6, 7, 11, 5, 9, 1]
time: [0, 57, 33, 47, 10, 22, 77, 33, 82, 71, 8, 62, 73, 42]
      [0, 30, 6, 20, 59, 53, 55, 6, 68, 43, 57, 35, 39, 15]
total 152
% time elapsed: 16.18 s
----------
==========
% time elapsed: 16.18 s

benchmark/minizinc/mid30.dzn:
path: [1, 8, 9, 3, 12, 13, 14, 4, 7, 11, 5, 10, 2, 6, 1]
      [1, 7, 8, 9, 3, 12, 14, 4, 13, 11, 5, 10, 2, 6, 1]
time: [0, 46, 3, 21, 33, 47, 23, 1, 2, 34, 31, 7, 20, 21]
      [0, 58, 24, 36, 45, 59, 9, 22, 23, 46, 43, 28, 43, 36]
total 106
% time elapsed: 17.04 s
----------
==========
% time elapsed: 17.04 s

benchmark/minizinc/hard1.dzn:
path: [1, 21, 11, 20, 7, 10, 9, 30, 16, 13, 4, 3, 22, 12, 15, 8, 14, 25, 27, 29, 5, 23, 26, 6, 18, 24, 17, 28, 2, 19, 1]
      [1, 3, 10, 9, 30, 12, 15, 8, 2, 19, 29, 5, 23, 22, 16, 13, 21, 14, 11, 20, 25, 7, 27, 4, 17, 28, 26, 6, 18, 24, 1]
time: [0, 64, 22, 21, 52, 55, 19, 43, 19, 19, 11, 41, 19, 47, 41, 19, 60, 56, 65, 13, 5, 29, 52, 58, 48, 54, 49, 62, 49, 19]
      [0, 37, 6, 65, 43, 72, 61, 23, 11, 11, 58, 21, 47, 57, 21, 47, 68, 73, 38, 60, 57, 47, 43, 75, 61, 71, 63, 70, 40, 11]
total 145
% time elapsed: 300.02 s
----------

benchmark/minizinc/hard2.dzn:
path: [1, 50, 19, 4, 24, 39, 35, 14, 45, 8, 34, 38, 29, 36, 17, 10, 48, 41, 49, 20, 28, 16, 42, 15, 21, 27, 12, 31, 11, 13, 30, 3, 6, 5, 7, 40, 37, 33, 18, 25, 46, 44, 22, 26, 23, 9, 43, 32, 47, 2, 1]
      [1, 21, 49, 20, 47, 38, 48, 5, 11, 41, 43, 32, 27, 12, 4, 42, 7, 3, 6, 17, 13, 8, 34, 9, 45, 15, 14, 24, 39, 18, 35, 19, 40, 31, 25, 46, 44, 22, 26, 23, 28, 16, 10, 30, 29, 36, 37, 33, 50, 2, 1]
time: [0, 120, 86, 9, 89, 87, 89, 33, 105, 52, 77, 76, 81, 22, 69, 60, 47, 94, 8, 53, 73, 95, 96, 10, 94, 95, 73, 60, 35, 85, 76, 112, 93, 33, 16, 39, 93, 33, 13, 93, 53, 63, 112, 94, 31, 94, 112, 52, 53, 0]
      [0, 96, 38, 30, 17, 39, 36, 52, 54, 74, 17, 30, 42, 60, 57, 72, 40, 64, 67, 2, 0, 71, 72, 60, 70, 71, 27, 72, 81, 76, 69, 25, 85, 52, 64, 85, 85, 9, 63, 69, 19, 31, 25, 70, 57, 70, 9, 16, 2, 89]
total 216
% time elapsed: 300.05 s
----------

benchmark/minizinc/hard3.dzn:
path: [1, 99, 36, 87, 19, 93, 66, 17, 69, 34, 31, 22, 57, 11, 44, 21, 4, 85, 28, 98, 12, 75, 15, 45, 100, 27, 30, 3, 49, 46, 76, 48, 82, 2, 62, 55, 88, 40, 13, 20, 39, 70, 43, 58, 89, 97, 18, 50, 9, 77, 60, 10, 59, 68, 23, 7, 61, 91, 6, 54, 35, 94, 74, 90, 95, 38, 51, 64, 86, 47, 5, 16, 56, 37, 67, 71, 80, 8, 52, 41, 63, 32, 42, 29, 79, 25, 73, 53, 14, 83, 96, 33, 78, 84, 26, 65, 72, 92, 81, 24, 1]
      [1, 6, 41, 27, 86, 88, 76, 46, 64, 52, 14, 29, 40, 8, 33, 78, 62, 57, 11, 68, 9, 22, 5, 32, 92, 37, 25, 69, 98, 26, 65, 54, 35, 83, 90, 73, 82, 3, 67, 81, 24, 66, 99, 36, 72, 12, 18, 56, 74, 16, 51, 70, 63, 45, 47, 2, 42, 89, 30, 80, 100, 79, 55, 95, 38, 58, 23, 21, 94, 15, 28, 53, 31, 91, 59, 49, 7, 97, 43, 87, 48, 84, 93, 20, 60, 44, 61, 50, 75, 39, 71, 77, 13, 17, 10, 19, 96, 34, 85, 4, 1]
time: [0, 55, 45, 27, 136, 112, 106, 157, 85, 91, 12, 32, 66, 175, 36, 136, 4, 82, 2, 69, 25, 7, 105, 206, 172, 197, 37, 27, 164, 43, 7, 162, 183, 6, 116, 2, 143, 124, 69, 66, 159, 163, 74, 21, 36, 47, 134, 51, 45, 84, 129, 158, 174, 114, 59, 142, 11, 74, 98, 86, 111, 55, 161, 129, 197, 3, 153, 101, 4, 69, 153, 200, 174, 120, 32, 51, 85, 186, 165, 153, 205, 54, 180, 195, 27, 129, 2, 64, 76, 121, 112, 202, 2, 119, 122, 181, 79, 27, 2, 36]
      [0, 113, 82, 204, 57, 1, 155, 41, 56, 194, 54, 98, 192, 37, 140, 105, 193, 101, 197, 169, 133, 56, 133, 92, 72, 78, 10, 140, 40, 117, 142, 60, 44, 197, 80, 95, 68, 132, 188, 41, 3, 113, 157, 181, 108, 24, 108, 161, 148, 184, 106, 34, 140, 78, 129, 101, 53, 132, 147, 174, 182, 48, 108, 32, 78, 93, 87, 55, 74, 106, 188, 98, 82, 103, 185, 21, 190, 47, 128, 121, 91, 82, 81, 164, 202, 10, 161, 18, 115, 82, 144, 60, 167, 133, 130, 197, 157, 75, 95, 122]
total 418
% time elapsed: 300.24 s
----------

